272337
476220
476221
799205
688540
254793
144281
300605
524861
437145
109491
042012
649904
406649
154825
600304
055798
692933
692934
999721
027005
511655
692968
069728
278771
253461
990864
485822
760887
693861
762780
046406
180327
522836
764981
228963
181162
093448
765817
714379
826253
766840
360748
789691
965615
790810
739891
790863
764258
793716
676144
796419
762622
818738
333423
044487
977652
903666
574201
509434
089276
730882
156745
878588
660837
970528
733163
262272
753871
328532
008762
918302
586488
864917
475202
700612
691965
346857
266318
982439
518515
812092
405461
405462
962047
382402
405523
405524
737582
768185
893658
739018
739042
186994
737708
969213
232085
187346
900420
900422
310941
064164
669093
173428
443391
382366
426340
349055
403208
559064
350036
559186
023255
704913
242252
567676
087979
877152
931907
053763
700969
798778
407559
416245
240845
490953
977715
011583
622845
715167
715169
914359
089413
041253
045009
177275
177276
429099
498855
707919
355125
389972
753062
753064
404424
862868
680147
292090
658887
313315
070678
672587
421202
190216
190218
695871
109806
635980
342769
855703
160044
978070
487792
829024
501702
185904
924981
811537
848960
488598
365237
816789
866509
674151
400158
131857
072500
224235
315174
315179
797195
401158
820917
386733
161294
073579
593917
251960
161355
282544
968006
497692
746038
568055
594071
582233
594098
682366
998016
610920
594811
582974
594817
252860
998730
750534
998797
874492
998856
667135
318118
958069
984392
298937
000657
292187
338505
252127
082367
059346
764509
720891
017119
339970
269748
732970
401690
068311
073761
820480
467686
257639
227476
100418
096070
952224
725410
934292
933671
454179
816291
632711
724252
663560
797208
797209
940700
103141
887541
887542
351702
992265
902397
118680
160772
693097
453942
501366
006295
759518
700137
004029
467410
647754
690882
550213
095258
021930
754486
755385
097086
680673
414984
098293
664229
099196
671109
406858
767740
514446
965218
660111
431592
206828
549338
206859
549369
791513
751805
206923
328112
791580
132724
206987
119295
791643
038027
792413
726097
796527
119522
199123
130810
936340
025411
682389
335486
682426
335544
818961
668647
713561
684253
915843
750416
049519
686143
917734
686237
917827
138311
502111
259232
592756
504752
555855
854957
192229
484221
490691
686510
490722
686540
975586
484316
120547
707436
579294
505265
110065
383657
797263
794302
217277
509268
361112
509326
207806
510162
941076
510257
085175
275296
085201
054002
085203
085204
275324
261298
845100
619831
352656
941852
924694
517499
192861
556901
924848
517652
518467
518558
441749
519458
442649
558798
926745
087315
793191
277458
087338
847235
296240
183886
959121
927069
982929
950877
985941
953890
547474
081436
986774
954723
009900
977849
571346
072689
010027
373366
977976
571444
897507
571474
161505
571500
594251
571507
567430
574266
570189
012938
980888
018587
986536
580056
575979
605854
709644
299538
662516
719012
344493
061753
881511
076503
149393
282396
934535
106932
019352
304216
948125
336143
283948
972092
604402
691495
037956
037983
811941
212134
814827
215692
526764
769095
926957
528600
928793
301902
620065
138878
043034
170358
275533
598987
748466
811471
844044
970364
095000
897502
635272
198806
