408643
585986
157417
411521
911379
913421
280696
781302
935334
435516
065105
169446
659976
219682
456559
816461
179849
210748
460655
489316
710446
463347
364594
318984
655476
463439
819235
432468
144487
114184
997714
437467
247396
823978
404844
493414
761608
724177
823488
133874
964959
875909
339945
404903
493473
761666
630575
875937
595918
682359
486167
882942
023281
896837
896859
352888
896863
251293
896868
928448
985919
841277
059108
503075
487402
528137
908635
356913
490702
686572
464878
074102
768448
356945
049633
429409
667062
983387
661588
357007
645903
172998
587603
661592
661593
587606
704116
194786
488366
798150
101008
167127
254620
786593
728199
621607
948138
490254
061371
232246
490286
644547
682362
359610
946669
124125
359641
013658
784163
265912
882382
849252
878368
949834
491929
117173
329840
360601
654134
832619
491992
329695
201089
785187
266937
850277
209316
108555
676338
696419
209164
995750
258444
515741
109363
266488
002010
604610
604616
213388
118670
667913
758745
419349
594511
435623
783686
256246
063865
041859
845650
995957
698411
388002
234643
698531
298223
486777
699307
088343
098083
132278
545607
548055
470238
942725
716957
054502
187177
473494
088514
600528
453900
406199
583706
110736
453488
910343
780676
891653
573452
849402
828732
299467
225801
781879
032276
455248
886862
205977
806231
260810
352038
267820
341561
352843
431372
512807
205520
352974
103745
120591
862904
331550
364002
670218
583660
353804
629726
904779
100639
650220
445603
194634
739020
969622
578230
220881
145172
353960
120310
084092
354674
216819
216810
354800
358055
804324
354863
370899
666594
847924
514479
682799
319194
523600
962295
233146
355912
602250
356595
701171
632459
512039
777859
654089
202191
537912
730870
310180
733659
477733
735641
191247
737471
964224
737502
551315
737535
422451
380955
737569
528525
738403
706444
738491
118759
738496
964995
738521
227127
972383
450370
088487
462702
914372
240904
651638
860529
467452
220295
184911
444170
044725
269656
008301
934315
905407
733966
906087
057720
010974
936988
912387
921062
974755
799566
234165
837004
476705
355063
716136
146389
282737
290856
288106
269731
837098
344961
249998
167479
776555
055176
552393
250774
849731
022640
930248
909088
139033
185303
407820
178068
766330
200454
034502
453767
041094
304240
726785
078290
381890
506133
506876
719295
955818
222216
942885
391320
231886
497339
892311
062547
550704
715803
985833
143291
000388
266785
603441
353335
353357
870052
989344
262107
526053
558455
690351
179818
604213
354107
354108
354109
604240
354134
604243
354137
604244
354138
228831
354139
354140
354141
354163
605176
991076
209051
004132
270530
634355
229372
538287
366159
880364
027060
731544
731549
551655
254421
588141
444980
333612
317515
174597
997889
137947
830129
626943
466712
722576
497470
175695
724384
033670
503539
064304
933283
004535
645135
492636
704898
401173
934247
288464
020099
064927
418877
497350
630564
427316
297053
809960
297081
183606
635031
297114
443507
681223
533602
342687
815939
426141
949987
507623
519509
113183
313921
160179
730524
926429
804002
914566
864521
282128
691180
084178
532815
938348
941944
725569
610683
306704
418937
307916
740139
414107
272414
421328
069533
685029
261000
750642
437020
241247
628648
760348
247625
545743
376686
658656
682116
694096
694098
052506
052507
527692
107902
633470
900872
608917
465272
382296
939625
755617
328691
569919
390549
700936
901057
805862
689819
214721
727381
329464
168671
901740
356703
023908
033136
260475
435733
005756
805637
805639
977956
854862
854884
585369
766724
766725
266160
833355
088320
452017
662334
647243
202997
069866
245971
724801
866879
300965
204024
075412
250614
475545
084982
479067
250650
475582
051129
040227
246190
281597
358918
172501
385949
407050
812202
984134
476017
444962
252420
476198
408780
829415
067264
616505
669024
669046
343860
275635
500567
613193
026307
067449
602818
544805
687908
883534
422860
284449
284451
240893
934981
372268
267295
990880
987888
012281
093266
059191
593893
171502
453833
240927
240929
984454
627786
110445
388488
516889
278338
162468
095983
385256
280974
575460
675539
345437
187614
463509
980519
980541
433903
776015
536050
954211
522648
483311
982534
604232
879638
289927
478601
601871
601873
724421
240846
787866
241592
596484
465644
989363
208754
275989
411235
681561
600232
304496
383784
603151
086751
670771
698117
874469
672059
136146
019438
574532
582134
542798
732141
542984
573580
326803
844531
167736
731298
312542
784492
915405
174063
411115
411924
794364
847415
038962
012764
065330
200249
962668
848313
301497
431830
192948
336782
147958
510950
644715
100228
380545
728256
931503
167947
652568
968425
553439
194099
606913
336856
563371
894381
340177
340181
539631
077977
843321
654640
563490
868306
418367
518299
843438
497593
050787
858000
356443
952053
904868
343900
689481
342410
727520
299933
299937
299939
299940
489048
782849
343991
622232
933829
527919
117990
385091
316844
385095
598079
316848
489088
782910
759611
151644
489143
782943
154272
086025
047718
936733
334669
774963
728663
366039
366160
356336
383699
809626
367031
383793
868212
210184
593406
039563
703902
736908
570203
306922
610536
741050
164669
551771
736945
601617
884122
737129
721932
508604
154085
165532
338304
884234
933751
568964
227394
776496
592489
165563
552665
737838
878576
357010
370869
611433
302460
099756
680492
145789
371800
229732
860568
438529
250120
240383
974819
181869
686114
408370
080471
719759
104097
238935
894847
637127
559757
602968
456360
550710
548028
235353
549143
300125
260788
313684
300271
083880
387454
197477
041849
907193
694895
107299
312469
065692
683870
735933
683932
312656
065879
896051
178797
155012
743541
676635
539803
528801
433928
239532
909878
909879
345034
326409
394959
794100
484093
800470
913626
592603
178372
178373
203354
741120
524028
284526
305453
641530
201793
512063
794298
636011
929468
479850
484433
172638
174645
714856
759074
313642
965731
346347
731518
629128
732448
413062
078794
078354
933338
244572
951634
375253
762355
947529
751583
991849
404156
949293
121937
101438
987983
803975
377050
764152
949326
522355
720150
365630
377078
549851
491351
507828
400771
628913
328013
984421
240684
122640
918538
528930
818637
570329
199800
750601
554023
768562
151853
655155
293819
487801
002865
621158
166477
561878
159347
120010
515545
315607
315608
290741
290764
194603
194604
010662
010663
578552
099584
663424
663425
357404
271862
563744
125047
439150
016524
061436
592423
484143
001838
165230
441008
072524
614836
859340
072582
896399
595494
187157
423410
423411
414704
414706
073328
004128
527279
941340
941341
004216
461391
831620
036894
028037
825338
650056
048271
283623
997911
448769
137779
709588
998028
756516
556442
600758
350114
094603
825826
879201
513943
639493
689124
110904
263185
211852
211853
014879
792215
157846
237455
099405
238138
148624
038354
385837
121344
834345
683397
719020
340383
060243
106220
106222
572853
574692
641068
782043
730405
924037
730438
262883
970428
998608
