737471
964224
737502
551315
737535
422451
380955
737569
528525
738403
706444
738491
118759
738496
964995
738521
227127
972383
450370
088487
462702
914372
240904
651638
860529
467452
220295
184911
444170
044725
269656
008301
934315
905407
733966
906087
057720
010974
936988
912387
921062
974755
799566
234165
837004
476705
355063
716136
146389
282737
290856
288106
269731
837098
344961
249998
167479
776555
055176
552393
250774
849731
022640
930248
909088
139033
185303
407820
178068
766330
200454
034502
453767
041094
304240
726785
078290
381890
506133
506876
719295
955818
222216
942885
391320
231886
497339
892311
062547
550704
715803
985833
143291
000388
266785
603441
353335
353357
870052
989344
262107
526053
558455
690351
179818
604213
354107
354108
354109
604240
354134
604243
354137
604244
354138
228831
354139
354140
354141
354163
605176
991076
209051
004132
270530
634355
229372
538287
366159
880364
027060
731544
731549
551655
254421
588141
444980
333612
317515
174597
997889
137947
830129
626943
466712
722576
497470
175695
724384
033670
503539
064304
933283
004535
645135
492636
704898
401173
934247
288464
020099
064927
418877
497350
630564
427316
297053
809960
297081
183606
635031
297114
443507
681223
533602
342687
815939
426141
949987
507623
519509
113183
313921
160179
730524
926429
804002
914566
864521
282128
691180
084178
532815
938348
941944
725569
610683
306704
418937
307916
740139
414107
272414
421328
069533
685029
261000
750642
437020
241247
628648
760348
247625
545743
376686
658656
682116
694096
694098
052506
052507
527692
107902
633470
900872
608917
465272
382296
939625
755617
328691
569919
390549
700936
901057
805862
689819
214721
727381
329464
168671
901740
356703
023908
033136
260475
435733
005756
805637
805639
977956
854862
854884
585369
766724
766725
266160
833355
088320
452017
662334
647243
202997
069866
245971
724801
866879
300965
204024
075412
250614
475545
084982
479067
250650
475582
051129
040227
246190
281597
358918
172501
385949
407050
812202
984134
476017
444962
252420
476198
408780
829415
067264
616505
669024
669046
343860
275635
500567
613193
026307
067449
602818
544805
687908
883534
422860
284449
284451
240893
934981
372268
267295
990880
987888
012281
093266
059191
593893
171502
453833
240927
240929
984454
627786
110445
388488
516889
278338
162468
095983
385256
280974
575460
675539
345437
187614
463509
980519
980541
433903
776015
536050
954211
522648
483311
982534
604232
879638
289927
478601
601871
601873
724421
240846
787866
241592
596484
465644
989363
208754
275989
411235
681561
600232
304496
383784
603151
086751
670771
698117
874469
672059
136146
019438
574532
582134
542798
732141
542984
573580
326803
844531
167736
731298
312542
784492
915405
174063
411115
411924
794364
847415
038962
012764
065330
200249
962668
848313
301497
431830
192948
336782
147958
510950
644715
100228
380545
728256
931503
167947
652568
968425
553439
194099
606913
336856
563371
894381
340177
340181
539631
077977
843321
654640
563490
868306
418367
518299
843438
497593
050787
858000
356443
952053
904868
343900
689481
342410
727520
299933
299937
299939
299940
489048
782849
343991
622232
933829
527919
117990
385091
316844
385095
598079
316848
489088
782910
759611
151644
489143
782943
154272
086025
047718
936733
334669
774963
728663
366039
366160
356336
383699
809626
367031
383793
868212
210184
593406
039563
703902
736908
570203
306922
610536
741050
164669
551771
736945
601617
884122
737129
721932
508604
154085
165532
338304
884234
933751
568964
227394
776496
592489
165563
552665
737838
878576
357010
370869
611433
302460
099756
680492
145789
371800
229732
860568
438529
250120
240383
974819
181869
686114
408370
080471
719759
104097
238935
894847
637127
559757
602968
456360
550710
548028
235353
549143
300125
260788
313684
300271
083880
387454
197477
041849
907193
694895
107299
312469
065692
683870
735933
683932
312656
065879
896051
178797
155012
743541
676635
539803
528801
433928
239532
909878
909879
345034
326409
394959
794100
484093
800470
913626
592603
178372
178373
203354
741120
524028
284526
305453
641530
201793
512063
794298
636011
929468
479850
484433
172638
174645
714856
759074
313642
965731
346347
731518
629128
732448
413062
078794
078354
933338
244572
951634
375253
762355
947529
751583
991849
404156
949293
121937
101438
987983
803975
377050
764152
949326
522355
720150
365630
377078
549851
491351
507828
400771
628913
328013
984421
240684
122640
918538
528930
818637
570329
199800
750601
554023
768562
151853
655155
293819
487801
002865
621158
166477
561878
159347
120010
515545
315607
315608
290741
290764
194603
194604
010662
010663
578552
099584
663424
663425
357404
271862
563744
125047
439150
016524
061436
592423
484143
001838
165230
441008
072524
614836
859340
072582
896399
595494
187157
423410
423411
414704
414706
073328
004128
527279
941340
941341
004216
461391
831620
036894
028037
825338
650056
048271
283623
997911
448769
137779
709588
998028
756516
556442
600758
350114
094603
825826
879201
513943
639493
689124
110904
263185
211852
211853
014879
792215
157846
237455
099405
238138
148624
038354
385837
121344
834345
683397
719020
340383
060243
106220
106222
572853
574692
641068
782043
730405
924037
730438
262883
970428
998608
970459
776722
460600
490695
318312
293397
549780
915859
728126
855991
120167
050681
181336
934559
909749
808854
515391
732385
657499
606536
005548
716850
716851
431602
972156
595903
186254
187350
501541
523427
698111
968325
372561
707294
487079
740383
512995
562898
791926
508377
311960
736171
675982
355707
447784
425285
556369
457831
772729
772730
762397
478637
328320
673599
191797
311720
027398
370974
638763
395521
744369
617166
930378
390673
207705
952669
952670
885748
670204
993164
709592
776480
776481
776508
776509
931375
822838
776516
402335
425005
059231
472850
226264
226265
256644
743730
743731
256681
256712
685550
940794
672319
940820
940821
940822
940824
935699
009215
880115
468066
717708
464776
690300
689114
980623
396867
663155
464380
551041
254460
427106
489860
734494
360366
489330
134922
877757
117263
572119
605421
298621
685607
872338
920657
815461
108450
192105
712887
923190
128731
914298
124219
708180
446088
780294
151395
709251
761613
390237
315158
330923
804441
985872
605102
804506
697723
530381
600119
808348
921827
457609
873390
804103
801864
712611
632721
263299
981576
625186
972265
701419
091811
746088
749383
073069
456239
710894
861367
092206
606957
677800
026478
824775
824803
710409
824833
018323
967653
944178
527653
387925
056069
199673
452150
661842
214115
011067
081983
610273
837231
611673
043268
019356
978046
524611
889235
771298
766215
205131
138092
157189
084397
162589
805904
908321
315154
552498
552536
315867
591659
880163
745798
537774
202536
848586
285848
285850
156433
201449
770578
502651
419079
939782
871368
871390
916999
848646
463359
528977
459790
656960
461351
160060
769105
601694
102757
102759
532389
951528
321833
608443
608445
652056
460720
672167
083025
953809
379075
284929
348814
348815
348817
348840
899109
