
000001
000002
000003
000004
000005
000006
000007
000008
000009
000010
000011
000012
000013
000014
000015
000016
000017
000018
000019
000020
000021
000022
000023
000024
000025
000026
000027
000028
000029
000030
000031
000032
000033
000034
000035
000036
000037
000038
000039
000040
000041
000042
000043
000044
000045
000046
000047
000048
000049
000050
000051
000052
000053
000054
G
000055
G
000056
G
000057
G
000058
G
000059
G
000060
G
000061
G
000062
G
000063
G
000064
G
000065
G
000066
G
000067
G
000068
G
000069
G
000070
G
000071
G
000072
G
000073
G
000074
G
000075
G
000076
G
000077
G
000078
G
000079
G
000080
G
